[37.7696020219256, -122.466302646183], 102.296635448933
[37.7744822989026, -122.465499518272], 80.1409309925511
[37.7756478444018, -122.476191385991], 66.2340276679024
[37.7804295052683, -122.469965200532], 74.752489618957
[37.782248753695, -122.474929964439], 69.4205135963857
[37.7806728061187, -122.463747701351], 71.6851349202916
[37.7641984864889, -122.456239090419], 161.831531184725
[37.7641984929192, -122.456282662049], 161.830803310499
[37.764149559965, -122.456297684833], 161.835797201842
[37.7623466439888, -122.457615413313], 195.131910258904
[37.76402086363, -122.458744890733], 126.845217988826
[37.7628681136032, -122.456898803908], 179.736318632029
[37.7628932582274, -122.456941059124], 180.671152351424
[37.7626204494192, -122.459060754165], 156.959437246434
[37.7544222767658, -122.470252261683], 216.676283783279
[37.7544207614629, -122.470252157092], 216.676278600469
[37.7544207667073, -122.470246120791], 216.675619490445
[37.7756028623056, -122.477105823549], 62.8964678412303
[37.7770229919127, -122.482164821362], 53.4515961110592
[37.7769136777661, -122.482075933427], 53.4492433425039
[37.7739915123406, -122.479185181124], 66.7516126306728
[37.7795401427742, -122.479592150383], 53.0404051309451
[37.7826188272421, -122.47923852612], 51.5529643734917
[37.7485104605623, -122.456507996337], 177.021125095896
[37.7477647559674, -122.454869987824], 196.144354668446
[37.7477821449733, -122.456082897979], 185.505948224105
[37.7487990461123, -122.455644026688], 187.900542345829
[37.7500293532058, -122.456647319751], 184.253364464268
[37.7498822026957, -122.456298852205], 183.826383068226
[37.7494660131399, -122.456856281578], 172.760355757549
[37.7473392192832, -122.456837545594], 181.522428907454
[37.7465961650415, -122.453060451552], 193.692694146186
[37.746963515814, -122.453207029823], 194.055064245127
[37.7472493375452, -122.453456319888], 195.33545192983
[37.7451499584528, -122.448821034146], 175.521119018085
[37.7453674173601, -122.448268336611], 175.524927794933